%YAML:1.0
---
camera_matrix: !!opencv-matrix
   rows: 3
   cols: 3
   dt: d
   data: [ 8.7926203904841918e+02, 0., 6.3093749010373836e+02, 0.,
       8.7926203904841918e+02, 3.7752319849236807e+02, 0., 0., 1. ]
dist_coeff: !!opencv-matrix
   rows: 14
   cols: 1
   dt: d
   data: [ -5.7303360335267295e-01, -1.5778882404927277e+00,
       -6.3297488685275867e-04, -3.0498089554394548e-03,
       -2.7529897315967161e-01, -2.2001212841799442e-01,
       -1.7703331884317655e+00, -9.0771567251019081e-01, 0., 0., 0., 0.,
       0., 0. ]
