%YAML:1.0
---
camera_matrix: !!opencv-matrix
   rows: 3
   cols: 3
   dt: d
   data: [ 1.3153202149891156e+03, 0., 6.5973891042999992e+02, 0.,
       1.3153202149891156e+03, 4.4450732078944031e+02, 0., 0., 1. ]
dist_coeff: !!opencv-matrix
   rows: 14
   cols: 1
   dt: d
   data: [ -1.9005074726098222e+01, 1.4104851222779848e+02,
       -4.3810333379296828e-03, -1.5772880544325520e-03,
       4.3802387763188079e+01, -1.8640893232827555e+01,
       1.3380893474078565e+02, 9.9462779855183669e+01, 0., 0., 0., 0.,
       0., 0. ]
