%YAML:1.0
---
camera_matrix: !!opencv-matrix
   rows: 3
   cols: 3
   dt: d
   data: [ 1.4673268418403879e+03, 0., 9.0773899602045071e+02, 0.,
       1.4673268418403879e+03, 6.2868078021960685e+02, 0., 0., 1. ]
dist_coeff: !!opencv-matrix
   rows: 14
   cols: 1
   dt: d
   data: [ -5.7404027901900978e+00, 1.5450216825050783e+01,
       -1.2187710270469193e-02, 5.1934286713096658e-03,
       -1.3231068507521895e+00, -5.4128361550340971e+00,
       1.3546018844999939e+01, 3.8956650715539300e+00, 0., 0., 0., 0.,
       0., 0. ]
